time,norm,actualtrue,predtrue,TP,FP,TN,FN,accuracy,precision,recall,F1,lambda
0.0825028333333333,0.00743671790419631,12,11,11,0,288,1,0.996666666666667,1,0.916666666666667,0.956521739130435,0.9
0.0183932083333333,2.508321758587e-06,12,12,12,0,288,0,1,1,1,1,0.9
0.0220594166666667,0.0010065678093904,12,10,10,0,288,2,0.993333333333333,1,0.833333333333333,0.909090909090909,0.9
0.0192907916666667,0.00694129566575369,12,10,10,0,288,2,0.993333333333333,1,0.833333333333333,0.909090909090909,0.9
0.0224284166666667,1.00940000442096e-05,12,10,10,0,288,2,0.993333333333333,1,0.833333333333333,0.909090909090909,0.9
0.0268937083333333,0.01083098391548,11,10,10,0,289,1,0.996666666666667,1,0.909090909090909,0.952380952380952,0.9
0.01965,0.0331900053815716,12,21,8,13,275,4,0.943333333333333,0.380952380952381,0.666666666666667,0.484848484848485,0.9
0.017696875,0.00693698038133765,12,10,10,0,288,2,0.993333333333333,1,0.833333333333333,0.909090909090909,0.9
0.0131821666666667,3.89310612071312e-06,12,12,12,0,288,0,1,1,1,1,0.9
0.00949045833333333,0.0804702331231636,12,16,8,8,280,4,0.96,0.5,0.666666666666667,0.571428571428572,0.9
0.0135941666666667,0.0215054799237289,12,19,8,11,277,4,0.95,0.421052631578947,0.666666666666667,0.516129032258065,0.9
0.0117052083333333,4.64648515139064e-06,12,12,12,0,288,0,1,1,1,1,0.9
0.0148799583333333,0.0248696100320093,12,10,8,2,286,4,0.98,0.8,0.666666666666667,0.727272727272727,0.9
0.00830025,0.0153024053593907,11,13,8,5,284,3,0.973333333333333,0.615384615384615,0.727272727272727,0.666666666666667,0.9
0.0157548333333333,0.00347804183986133,12,10,10,0,288,2,0.993333333333333,1,0.833333333333333,0.909090909090909,0.9
0.0154189166666667,0.00612555775346938,10,8,8,0,290,2,0.993333333333333,1,0.8,0.888888888888889,0.9
0.0171559583333333,0.0012986558945808,12,11,11,0,288,1,0.996666666666667,1,0.916666666666667,0.956521739130435,0.9
0.0171284166666667,0.000951207633938418,11,10,10,0,289,1,0.996666666666667,1,0.909090909090909,0.952380952380952,0.9
0.0298094166666667,0.00201217189851814,12,9,9,0,288,3,0.99,1,0.75,0.857142857142857,0.9
0.01406625,0.00161964344227522,12,10,10,0,288,2,0.993333333333333,1,0.833333333333333,0.909090909090909,0.9
0.0134309583333333,0.00328298901020241,12,10,10,0,288,2,0.993333333333333,1,0.833333333333333,0.909090909090909,0.9
0.01979175,0.000536801830568822,12,11,11,0,288,1,0.996666666666667,1,0.916666666666667,0.956521739130435,0.9
0.013074625,0.000888575611610249,11,9,9,0,289,2,0.993333333333333,1,0.818181818181818,0.9,0.9
0.0122071666666667,0.0361072229485919,12,14,9,5,283,3,0.973333333333333,0.642857142857143,0.75,0.692307692307692,0.9
0.051950375,0.0341001628827473,12,34,7,27,261,5,0.893333333333333,0.205882352941176,0.583333333333333,0.304347826086956,0.9
0.03179725,0.0121032373813049,12,17,10,7,281,2,0.97,0.588235294117647,0.833333333333333,0.689655172413793,0.9
0.015586375,0.000518473325262149,12,11,11,0,288,1,0.996666666666667,1,0.916666666666667,0.956521739130435,0.9
0.00960729166666667,0.00566822921956051,12,8,8,0,288,4,0.986666666666667,1,0.666666666666667,0.8,0.9
0.01777,0.00145692435656597,12,10,10,0,288,2,0.993333333333333,1,0.833333333333333,0.909090909090909,0.9
0.0122637083333333,4.30886318358133e-06,12,12,12,0,288,0,1,1,1,1,0.9
0.0201453333333333,0.00230172145059027,12,10,10,0,288,2,0.993333333333333,1,0.833333333333333,0.909090909090909,0.9
0.0122792083333333,0.00199322279254951,12,10,10,0,288,2,0.993333333333333,1,0.833333333333333,0.909090909090909,0.9
0.0235573333333333,0.0665360105805436,11,20,6,14,275,5,0.936666666666667,0.3,0.545454545454545,0.387096774193548,0.9
0.0103677916666667,4.25270014926377e-06,12,12,12,0,288,0,1,1,1,1,0.9
0.022119,6.53152078418479e-06,11,11,11,0,289,0,1,1,1,1,0.9
0.0224511666666667,0.000353621568116258,12,11,11,0,288,1,0.996666666666667,1,0.916666666666667,0.956521739130435,0.9
0.027853,0.0100596013218449,12,21,9,12,276,3,0.95,0.428571428571429,0.75,0.545454545454545,0.9
0.0139492916666667,0.00258652096780171,12,10,10,0,288,2,0.993333333333333,1,0.833333333333333,0.909090909090909,0.9
0.0227735833333333,0.0120436777504932,12,11,11,0,288,1,0.996666666666667,1,0.916666666666667,0.956521739130435,0.9
0.017780625,5.52723642381461e-06,12,11,11,0,288,1,0.996666666666667,1,0.916666666666667,0.956521739130435,0.9
0.011450625,0.0286799163906445,12,14,9,5,283,3,0.973333333333333,0.642857142857143,0.75,0.692307692307692,0.9
0.0256605,0.00170958793399652,12,11,11,0,288,1,0.996666666666667,1,0.916666666666667,0.956521739130435,0.9
0.0241992916666667,0.0201471476448254,12,11,10,1,287,2,0.99,0.909090909090909,0.833333333333333,0.869565217391304,0.9
0.0127045,0.000829614387410498,12,10,10,0,288,2,0.993333333333333,1,0.833333333333333,0.909090909090909,0.9
0.0194178333333333,0.0328992215939618,11,17,7,10,279,4,0.953333333333333,0.411764705882353,0.636363636363636,0.5,0.9
0.016723375,0.000214357676101098,12,11,11,0,288,1,0.996666666666667,1,0.916666666666667,0.956521739130435,0.9
0.0162451666666667,4.30024379435408e-06,12,12,12,0,288,0,1,1,1,1,0.9
0.015394875,0.0227582395911856,12,16,8,8,280,4,0.96,0.5,0.666666666666667,0.571428571428572,0.9
0.011093625,0.00136717105966226,12,10,10,0,288,2,0.993333333333333,1,0.833333333333333,0.909090909090909,0.9
0.0204759166666667,3.14964430903712e-06,12,12,12,0,288,0,1,1,1,1,0.9
0.0283548333333333,0.00066518655657237,12,11,11,0,288,1,0.996666666666667,1,0.916666666666667,0.956521739130435,0.9
0.0144839166666667,1.29881993826911e-05,12,11,11,0,288,1,0.996666666666667,1,0.916666666666667,0.956521739130435,0.9
0.0241260416666667,7.276811208382e-06,12,12,12,0,288,0,1,1,1,1,0.9
0.020238875,0.00491193963801009,12,9,9,0,288,3,0.99,1,0.75,0.857142857142857,0.9
0.0132860833333333,0.00151490426775194,12,10,10,0,288,2,0.993333333333333,1,0.833333333333333,0.909090909090909,0.9
0.0139097083333333,0.000383996445624853,12,11,11,0,288,1,0.996666666666667,1,0.916666666666667,0.956521739130435,0.9
0.0178661666666667,0.00763697740696632,11,9,9,0,289,2,0.993333333333333,1,0.818181818181818,0.9,0.9
0.0158229166666667,0.000397413853338289,11,10,10,0,289,1,0.996666666666667,1,0.909090909090909,0.952380952380952,0.9
0.015370875,0.00223388958561992,12,10,10,0,288,2,0.993333333333333,1,0.833333333333333,0.909090909090909,0.9
0.0121231666666667,0.000345407482713781,12,11,11,0,288,1,0.996666666666667,1,0.916666666666667,0.956521739130435,0.9
0.00916325,0.000831248518569806,12,10,10,0,288,2,0.993333333333333,1,0.833333333333333,0.909090909090909,0.9
0.0107840833333333,2.48402371171467e-06,12,12,12,0,288,0,1,1,1,1,0.9
0.010112375,0.00313107729913841,12,9,9,0,288,3,0.99,1,0.75,0.857142857142857,0.9
0.0168845,0.00745569266392924,11,9,9,0,289,2,0.993333333333333,1,0.818181818181818,0.9,0.9
0.0128433333333333,3.49296601090669e-05,12,11,11,0,288,1,0.996666666666667,1,0.916666666666667,0.956521739130435,0.9
0.0206869166666667,0.013508149816445,12,10,10,0,288,2,0.993333333333333,1,0.833333333333333,0.909090909090909,0.9
0.014729875,7.64348247140143e-06,12,12,12,0,288,0,1,1,1,1,0.9
0.00974804166666667,0.000131133879096284,12,11,11,0,288,1,0.996666666666667,1,0.916666666666667,0.956521739130435,0.9
0.0143502083333333,0.00184337289005014,12,10,10,0,288,2,0.993333333333333,1,0.833333333333333,0.909090909090909,0.9
0.0141633333333333,0.00229480640632102,12,10,10,0,288,2,0.993333333333333,1,0.833333333333333,0.909090909090909,0.9
0.026324625,0.0266180793971001,12,23,7,16,272,5,0.93,0.304347826086957,0.583333333333333,0.4,0.9
0.0167183333333333,4.62679160012053e-06,11,11,11,0,289,0,1,1,1,1,0.9
0.0130768333333333,0.0021508972831586,12,11,11,0,288,1,0.996666666666667,1,0.916666666666667,0.956521739130435,0.9
0.0313850416666667,0.022616656779647,12,18,9,9,279,3,0.96,0.5,0.75,0.6,0.9
0.0133045,2.19723382733227e-06,12,12,12,0,288,0,1,1,1,1,0.9
0.0160353333333333,0.0184857715656828,12,16,11,5,283,1,0.98,0.6875,0.916666666666667,0.785714285714286,0.9
0.00922045833333333,0.00161580635474333,12,10,10,0,288,2,0.993333333333333,1,0.833333333333333,0.909090909090909,0.9
0.0107239166666667,3.35336731520878e-06,11,11,11,0,289,0,1,1,1,1,0.9
0.0132021666666667,0.00577198324755039,12,11,11,0,288,1,0.996666666666667,1,0.916666666666667,0.956521739130435,0.9
0.009053625,2.42794794953735e-06,12,12,12,0,288,0,1,1,1,1,0.9
0.0180812916666667,0.00304987748535747,12,10,10,0,288,2,0.993333333333333,1,0.833333333333333,0.909090909090909,0.9
0.0109849166666667,0.008829290849446,12,10,10,0,288,2,0.993333333333333,1,0.833333333333333,0.909090909090909,0.9
0.00819295833333333,0.000340436105432479,12,11,11,0,288,1,0.996666666666667,1,0.916666666666667,0.956521739130435,0.9
0.009416625,7.59564481172955e-05,12,11,11,0,288,1,0.996666666666667,1,0.916666666666667,0.956521739130435,0.9
0.013572875,0.00031862620930181,12,11,11,0,288,1,0.996666666666667,1,0.916666666666667,0.956521739130435,0.9
0.01395925,0.00349914190342146,12,10,10,0,288,2,0.993333333333333,1,0.833333333333333,0.909090909090909,0.9
0.0174298333333333,0.003178436756261,10,9,9,0,290,1,0.996666666666667,1,0.9,0.947368421052632,0.9
0.0220744166666667,0.0124982956844286,12,22,9,13,275,3,0.946666666666667,0.409090909090909,0.75,0.529411764705882,0.9
0.0130763333333333,0.0187459281838381,12,21,9,12,276,3,0.95,0.428571428571429,0.75,0.545454545454545,0.9
0.0157772916666667,0.000716128213825552,11,9,9,0,289,2,0.993333333333333,1,0.818181818181818,0.9,0.9
0.0192428333333333,0.00588031722180741,12,8,8,0,288,4,0.986666666666667,1,0.666666666666667,0.8,0.9
0.0147518333333333,0.00414621737443187,12,11,11,0,288,1,0.996666666666667,1,0.916666666666667,0.956521739130435,0.9
0.01306575,0.000837748900518028,12,10,10,0,288,2,0.993333333333333,1,0.833333333333333,0.909090909090909,0.9
0.00802558333333333,0.0173005315176461,12,9,9,0,288,3,0.99,1,0.75,0.857142857142857,0.9
0.0151106666666667,0.00318231521331348,12,10,10,0,288,2,0.993333333333333,1,0.833333333333333,0.909090909090909,0.9
0.0268641666666667,0.0182791319679348,12,11,8,3,285,4,0.976666666666667,0.727272727272727,0.666666666666667,0.695652173913043,0.9
0.014210875,0.00600899884786612,12,9,9,0,288,3,0.99,1,0.75,0.857142857142857,0.9
0.0149404166666667,0.0188684343370927,12,11,9,2,286,3,0.983333333333333,0.818181818181818,0.75,0.782608695652174,0.9
0.015541125,6.50851369795545e-06,12,12,12,0,288,0,1,1,1,1,0.9
0.0293117083333333,0.0166053331224811,12,13,10,3,285,2,0.983333333333333,0.769230769230769,0.833333333333333,0.8,0.9
